[cosmos.jpg]
moddate=c70bd48f6f3bd901
width=572
height=386
text=1;124;4;ИТ;Arial;0.497035,0.261175,0.055556,0.000000;v1,4281149626,4278190080,128.000000,1.000000,0.000000,1.000000,400,0,49152;;
textactive=1
[cosmos1.1.jpg]
moddate=8d2306f56f3bd901
width=572
height=386
text=1;124;4;НС;Arial;0.541808,0.601497,0.052227,0.523599;v1,4290593064,4278190080,128.000000,1.000000,0.009346,1.000000,400,0,49152;;
textactive=1
